#
#  VT10 
#
# This matrix was produced by scripts written by
# Kai Kneutgen and Tobias Mueller [Mai-2002]
#    ...and modified by Elena Rivas [March-2015]
#
# VT10  transition matrix
#
# Expected Score = -6.904 Half-Bits
# Lowest Score   = -13.494
# Highest Score  = 12.456
# Entropy H      = 3.398 Bits
# %ID            = 90.520 
# %SUBS          = 9.480 
# For further information on the VT substitution model, see 
#
#    Modeling Amino Acid Replacement
#    T. Mueller and M. Vingron
#    Journal of Computational Biology, 7(6):761-776, 2000.  
#
#
#
#    elenarivas@fas.harvard.edu
#
0.8929 0.0031 0.0029 0.0037 0.0017 0.0044 0.0071 0.0104 0.0011 0.0030 0.0053 0.0044 0.0020 0.0015 0.0063 0.0208 0.0139 0.0004 0.0009 0.0142 
0.0047 0.9105 0.0037 0.0021 0.0010 0.0106 0.0044 0.0042 0.0051 0.0014 0.0041 0.0274 0.0013 0.0009 0.0031 0.0066 0.0038 0.0009 0.0015 0.0026 
0.0048 0.0039 0.8899 0.0196 0.0007 0.0059 0.0064 0.0076 0.0063 0.0026 0.0021 0.0123 0.0010 0.0011 0.0018 0.0201 0.0104 0.0001 0.0018 0.0017 
0.0053 0.0020 0.0169 0.9102 0.0002 0.0034 0.0286 0.0062 0.0023 0.0007 0.0018 0.0044 0.0005 0.0004 0.0025 0.0076 0.0042 0.0002 0.0012 0.0016 
0.0092 0.0035 0.0023 0.0007 0.9313 0.0010 0.0016 0.0036 0.0016 0.0029 0.0068 0.0011 0.0013 0.0034 0.0011 0.0120 0.0049 0.0010 0.0033 0.0072 
0.0082 0.0130 0.0067 0.0046 0.0004 0.8856 0.0198 0.0029 0.0080 0.0016 0.0063 0.0167 0.0020 0.0008 0.0053 0.0079 0.0059 0.0006 0.0015 0.0022 
0.0086 0.0035 0.0047 0.0241 0.0003 0.0130 0.9036 0.0045 0.0018 0.0013 0.0028 0.0121 0.0008 0.0005 0.0035 0.0063 0.0044 0.0003 0.0009 0.0029 
0.0122 0.0032 0.0054 0.0050 0.0008 0.0018 0.0044 0.9416 0.0009 0.0009 0.0018 0.0027 0.0007 0.0008 0.0019 0.0103 0.0022 0.0006 0.0006 0.0021 
0.0038 0.0116 0.0132 0.0056 0.0011 0.0151 0.0052 0.0028 0.8954 0.0018 0.0052 0.0054 0.0015 0.0028 0.0043 0.0068 0.0045 0.0004 0.0117 0.0019 
0.0037 0.0011 0.0021 0.0007 0.0007 0.0010 0.0013 0.0010 0.0006 0.8889 0.0276 0.0019 0.0070 0.0046 0.0012 0.0023 0.0072 0.0004 0.0014 0.0455 
0.0041 0.0021 0.0010 0.0010 0.0010 0.0026 0.0018 0.0012 0.0012 0.0168 0.9257 0.0017 0.0083 0.0086 0.0024 0.0032 0.0029 0.0009 0.0020 0.0115 
0.0057 0.0233 0.0095 0.0040 0.0003 0.0116 0.0129 0.0030 0.0020 0.0019 0.0029 0.8992 0.0018 0.0008 0.0032 0.0068 0.0069 0.0004 0.0013 0.0026 
0.0071 0.0031 0.0022 0.0012 0.0009 0.0037 0.0024 0.0020 0.0015 0.0185 0.0365 0.0048 0.8817 0.0048 0.0013 0.0039 0.0089 0.0009 0.0018 0.0130 
0.0027 0.0011 0.0012 0.0005 0.0012 0.0008 0.0008 0.0012 0.0015 0.0066 0.0203 0.0012 0.0025 0.9279 0.0009 0.0038 0.0020 0.0021 0.0159 0.0056 
0.0101 0.0032 0.0018 0.0029 0.0003 0.0045 0.0048 0.0026 0.0019 0.0015 0.0048 0.0041 0.0006 0.0008 0.9356 0.0118 0.0054 0.0003 0.0008 0.0021 
0.0229 0.0046 0.0129 0.0058 0.0025 0.0046 0.0057 0.0096 0.0021 0.0019 0.0043 0.0057 0.0012 0.0022 0.0081 0.8779 0.0228 0.0004 0.0015 0.0033 
0.0191 0.0033 0.0085 0.0040 0.0012 0.0042 0.0049 0.0025 0.0017 0.0073 0.0051 0.0072 0.0035 0.0015 0.0046 0.0284 0.8804 0.0003 0.0014 0.0108 
0.0021 0.0037 0.0005 0.0007 0.0012 0.0018 0.0014 0.0030 0.0007 0.0018 0.0073 0.0018 0.0016 0.0068 0.0010 0.0024 0.0013 0.9520 0.0071 0.0019 
0.0021 0.0022 0.0025 0.0020 0.0015 0.0019 0.0019 0.0011 0.0080 0.0026 0.0061 0.0023 0.0012 0.0204 0.0012 0.0034 0.0024 0.0028 0.9311 0.0033 
0.0167 0.0019 0.0012 0.0013 0.0016 0.0013 0.0028 0.0021 0.0006 0.0398 0.0168 0.0023 0.0043 0.0035 0.0015 0.0035 0.0092 0.0004 0.0016 0.8877 
#
# VT10  background frequences
0.0771 0.0501 0.0462 0.0538 0.0145 0.0409 0.0634 0.0656 0.0219 0.0592 0.0976 0.0592 0.0221 0.0414 0.0477 0.0707 0.0568 0.0127 0.0324 0.0669 
