#
#  VT120 
#
# This matrix was produced by scripts written by
# Kai Kneutgen and Tobias Mueller [Mai-2002]
#    ...and modified by Elena Rivas [March-2015]
#
# VT120  transition matrix
#
# Expected Score = -1.159 Half-Bits
# Lowest Score   = -4.804
# Highest Score  = 10.907
# Entropy H      = 0.758 Bits
# %ID            = 34.778 
# %SUBS          = 65.222 
# For further information on the VT substitution model, see 
#
#    Modeling Amino Acid Replacement
#    T. Mueller and M. Vingron
#    Journal of Computational Biology, 7(6):761-776, 2000.  
#
#
#
#    elenarivas@fas.harvard.edu
#
0.2966 0.0283 0.0305 0.0332 0.0120 0.0297 0.0475 0.0655 0.0112 0.0359 0.0496 0.0370 0.0146 0.0157 0.0423 0.0953 0.0707 0.0039 0.0111 0.0693 
0.0435 0.3539 0.0339 0.0271 0.0079 0.0580 0.0446 0.0362 0.0279 0.0189 0.0380 0.1283 0.0111 0.0119 0.0279 0.0491 0.0348 0.0070 0.0143 0.0258 
0.0507 0.0367 0.2751 0.0934 0.0070 0.0384 0.0570 0.0546 0.0302 0.0221 0.0294 0.0665 0.0095 0.0124 0.0235 0.0923 0.0587 0.0027 0.0155 0.0244 
0.0476 0.0251 0.0803 0.3580 0.0039 0.0333 0.1356 0.0493 0.0175 0.0139 0.0240 0.0435 0.0066 0.0078 0.0250 0.0568 0.0371 0.0025 0.0116 0.0204 
0.0639 0.0270 0.0226 0.0149 0.4292 0.0148 0.0206 0.0340 0.0127 0.0322 0.0581 0.0197 0.0123 0.0280 0.0166 0.0694 0.0403 0.0082 0.0249 0.0505 
0.0559 0.0711 0.0435 0.0439 0.0052 0.2580 0.0947 0.0320 0.0358 0.0207 0.0466 0.0865 0.0131 0.0120 0.0373 0.0552 0.0421 0.0050 0.0149 0.0266 
0.0578 0.0354 0.0418 0.1148 0.0045 0.0617 0.3347 0.0403 0.0159 0.0176 0.0307 0.0689 0.0086 0.0087 0.0300 0.0510 0.0373 0.0032 0.0106 0.0266 
0.0768 0.0276 0.0386 0.0403 0.0075 0.0199 0.0389 0.5006 0.0100 0.0149 0.0245 0.0291 0.0072 0.0097 0.0215 0.0665 0.0295 0.0051 0.0079 0.0239 
0.0394 0.0642 0.0632 0.0429 0.0085 0.0672 0.0460 0.0300 0.2782 0.0210 0.0446 0.0491 0.0115 0.0258 0.0321 0.0510 0.0365 0.0052 0.0595 0.0240 
0.0464 0.0157 0.0173 0.0125 0.0076 0.0140 0.0187 0.0161 0.0076 0.3046 0.1577 0.0205 0.0366 0.0365 0.0153 0.0298 0.0454 0.0046 0.0156 0.1775 
0.0389 0.0194 0.0140 0.0133 0.0085 0.0195 0.0199 0.0163 0.0100 0.0956 0.4389 0.0202 0.0414 0.0551 0.0206 0.0299 0.0297 0.0080 0.0202 0.0807 
0.0480 0.1091 0.0516 0.0396 0.0048 0.0598 0.0737 0.0320 0.0182 0.0207 0.0335 0.3162 0.0122 0.0110 0.0287 0.0527 0.0446 0.0042 0.0126 0.0267 
0.0510 0.0254 0.0202 0.0164 0.0081 0.0244 0.0249 0.0215 0.0115 0.0965 0.1822 0.0329 0.2364 0.0372 0.0172 0.0368 0.0484 0.0074 0.0174 0.0841 
0.0290 0.0143 0.0140 0.0103 0.0099 0.0118 0.0136 0.0154 0.0136 0.0523 0.1298 0.0157 0.0196 0.4288 0.0126 0.0302 0.0226 0.0158 0.0917 0.0488 
0.0680 0.0293 0.0231 0.0286 0.0050 0.0320 0.0402 0.0297 0.0146 0.0193 0.0414 0.0360 0.0079 0.0110 0.4612 0.0712 0.0426 0.0033 0.0097 0.0256 
0.1044 0.0347 0.0599 0.0432 0.0144 0.0318 0.0456 0.0618 0.0158 0.0250 0.0410 0.0442 0.0113 0.0174 0.0485 0.2558 0.0910 0.0042 0.0139 0.0360 
0.0966 0.0307 0.0477 0.0352 0.0103 0.0303 0.0415 0.0340 0.0140 0.0469 0.0511 0.0468 0.0188 0.0164 0.0359 0.1134 0.2519 0.0037 0.0134 0.0615 
0.0237 0.0280 0.0099 0.0106 0.0096 0.0159 0.0160 0.0264 0.0089 0.0220 0.0615 0.0195 0.0126 0.0517 0.0123 0.0236 0.0164 0.5567 0.0513 0.0233 
0.0260 0.0220 0.0221 0.0194 0.0115 0.0187 0.0209 0.0160 0.0405 0.0288 0.0610 0.0229 0.0117 0.1173 0.0142 0.0305 0.0234 0.0201 0.4415 0.0317 
0.0806 0.0191 0.0169 0.0164 0.0109 0.0162 0.0253 0.0235 0.0078 0.1554 0.1179 0.0236 0.0280 0.0302 0.0182 0.0382 0.0524 0.0044 0.0154 0.2996 
#
# VT120  background frequences
0.0771 0.0501 0.0462 0.0538 0.0145 0.0409 0.0634 0.0656 0.0219 0.0592 0.0976 0.0592 0.0221 0.0414 0.0477 0.0707 0.0568 0.0127 0.0324 0.0669 
