#
#  VT20 
#
# This matrix was produced by scripts written by
# Kai Kneutgen and Tobias Mueller [Mai-2002]
#    ...and modified by Elena Rivas [March-2015]
#
# VT20  transition matrix
#
# Expected Score = -5.103 Half-Bits
# Lowest Score   = -11.226
# Highest Score  = 12.314
# Entropy H      = 2.873 Bits
# %ID            = 82.104 
# %SUBS          = 17.896 
# For further information on the VT substitution model, see 
#
#    Modeling Amino Acid Replacement
#    T. Mueller and M. Vingron
#    Journal of Computational Biology, 7(6):761-776, 2000.  
#
#
#
#    elenarivas@fas.harvard.edu
#
0.7987 0.0061 0.0059 0.0072 0.0033 0.0082 0.0133 0.0196 0.0021 0.0062 0.0104 0.0085 0.0038 0.0029 0.0119 0.0378 0.0256 0.0007 0.0019 0.0259 
0.0093 0.8300 0.0073 0.0044 0.0019 0.0196 0.0088 0.0082 0.0094 0.0029 0.0079 0.0501 0.0026 0.0019 0.0061 0.0125 0.0075 0.0018 0.0029 0.0051 
0.0097 0.0078 0.7930 0.0358 0.0014 0.0110 0.0126 0.0145 0.0115 0.0050 0.0044 0.0226 0.0020 0.0021 0.0037 0.0364 0.0193 0.0003 0.0034 0.0035 
0.0103 0.0040 0.0308 0.8296 0.0004 0.0068 0.0522 0.0119 0.0044 0.0016 0.0037 0.0087 0.0010 0.0008 0.0050 0.0146 0.0083 0.0003 0.0023 0.0032 
0.0174 0.0066 0.0046 0.0016 0.8674 0.0021 0.0032 0.0071 0.0031 0.0059 0.0132 0.0025 0.0026 0.0066 0.0023 0.0222 0.0096 0.0019 0.0063 0.0137 
0.0154 0.0241 0.0126 0.0091 0.0007 0.7852 0.0362 0.0059 0.0146 0.0033 0.0119 0.0308 0.0037 0.0017 0.0100 0.0150 0.0112 0.0011 0.0030 0.0045 
0.0162 0.0070 0.0093 0.0441 0.0007 0.0237 0.8177 0.0088 0.0035 0.0026 0.0055 0.0224 0.0016 0.0011 0.0068 0.0122 0.0086 0.0005 0.0019 0.0057 
0.0229 0.0062 0.0102 0.0097 0.0016 0.0037 0.0085 0.8870 0.0019 0.0020 0.0037 0.0054 0.0013 0.0016 0.0038 0.0194 0.0046 0.0011 0.0012 0.0042 
0.0075 0.0216 0.0240 0.0108 0.0021 0.0274 0.0102 0.0057 0.8022 0.0036 0.0100 0.0107 0.0028 0.0055 0.0081 0.0130 0.0087 0.0009 0.0216 0.0038 
0.0077 0.0023 0.0039 0.0014 0.0013 0.0021 0.0028 0.0021 0.0013 0.7927 0.0514 0.0037 0.0130 0.0089 0.0024 0.0047 0.0134 0.0007 0.0028 0.0814 
0.0081 0.0041 0.0021 0.0020 0.0019 0.0050 0.0036 0.0025 0.0022 0.0312 0.8582 0.0034 0.0152 0.0162 0.0046 0.0062 0.0058 0.0018 0.0040 0.0219 
0.0110 0.0426 0.0175 0.0080 0.0006 0.0213 0.0240 0.0059 0.0040 0.0038 0.0058 0.8098 0.0034 0.0017 0.0063 0.0131 0.0129 0.0008 0.0025 0.0052 
0.0134 0.0060 0.0043 0.0025 0.0017 0.0070 0.0048 0.0039 0.0028 0.0340 0.0670 0.0091 0.7779 0.0092 0.0026 0.0076 0.0164 0.0018 0.0035 0.0245 
0.0053 0.0022 0.0024 0.0011 0.0023 0.0017 0.0017 0.0025 0.0029 0.0128 0.0382 0.0024 0.0048 0.8617 0.0019 0.0073 0.0040 0.0040 0.0297 0.0110 
0.0191 0.0063 0.0037 0.0058 0.0007 0.0086 0.0092 0.0053 0.0037 0.0031 0.0092 0.0080 0.0012 0.0017 0.8756 0.0220 0.0104 0.0006 0.0016 0.0043 
0.0415 0.0088 0.0235 0.0111 0.0047 0.0086 0.0109 0.0180 0.0040 0.0040 0.0084 0.0110 0.0023 0.0042 0.0150 0.7726 0.0409 0.0008 0.0030 0.0066 
0.0350 0.0066 0.0157 0.0078 0.0024 0.0081 0.0096 0.0053 0.0033 0.0138 0.0101 0.0136 0.0064 0.0029 0.0088 0.0510 0.7765 0.0006 0.0027 0.0199 
0.0042 0.0071 0.0011 0.0015 0.0023 0.0035 0.0027 0.0059 0.0015 0.0036 0.0141 0.0035 0.0030 0.0130 0.0021 0.0047 0.0027 0.9064 0.0136 0.0039 
0.0043 0.0044 0.0048 0.0039 0.0030 0.0037 0.0038 0.0024 0.0147 0.0053 0.0122 0.0045 0.0023 0.0380 0.0024 0.0065 0.0047 0.0053 0.8674 0.0065 
0.0303 0.0038 0.0025 0.0026 0.0030 0.0027 0.0054 0.0042 0.0012 0.0712 0.0321 0.0046 0.0082 0.0068 0.0030 0.0070 0.0170 0.0007 0.0032 0.7905 
#
# VT20  background frequences
0.0771 0.0501 0.0462 0.0538 0.0145 0.0409 0.0634 0.0656 0.0219 0.0592 0.0976 0.0592 0.0221 0.0414 0.0477 0.0707 0.0568 0.0127 0.0324 0.0669 
