#
#  VT40 
#
# This matrix was produced by scripts written by
# Kai Kneutgen and Tobias Mueller [Mai-2002]
#    ...and modified by Elena Rivas [March-2015]
#
# VT40  transition matrix
#
# Expected Score = -3.395 Half-Bits
# Lowest Score   = -8.811
# Highest Score  = 12.031
# Entropy H      = 2.124 Bits
# %ID            = 67.965 
# %SUBS          = 32.035 
# For further information on the VT substitution model, see 
#
#    Modeling Amino Acid Replacement
#    T. Mueller and M. Vingron
#    Journal of Computational Biology, 7(6):761-776, 2000.  
#
#
#
#    elenarivas@fas.harvard.edu
#
0.6428 0.0116 0.0118 0.0137 0.0059 0.0147 0.0237 0.0345 0.0042 0.0130 0.0199 0.0159 0.0069 0.0057 0.0213 0.0626 0.0434 0.0014 0.0038 0.0433 
0.0177 0.6923 0.0140 0.0090 0.0036 0.0338 0.0173 0.0153 0.0161 0.0060 0.0151 0.0837 0.0048 0.0038 0.0115 0.0228 0.0143 0.0032 0.0056 0.0099 
0.0195 0.0151 0.6324 0.0599 0.0027 0.0196 0.0242 0.0262 0.0193 0.0092 0.0092 0.0386 0.0038 0.0043 0.0078 0.0602 0.0334 0.0007 0.0065 0.0076 
0.0197 0.0083 0.0515 0.6923 0.0010 0.0134 0.0875 0.0220 0.0081 0.0037 0.0076 0.0171 0.0020 0.0020 0.0096 0.0267 0.0157 0.0007 0.0045 0.0066 
0.0315 0.0122 0.0088 0.0038 0.7527 0.0046 0.0066 0.0136 0.0057 0.0118 0.0248 0.0056 0.0050 0.0123 0.0050 0.0385 0.0179 0.0036 0.0116 0.0245 
0.0276 0.0414 0.0223 0.0178 0.0016 0.6197 0.0605 0.0117 0.0240 0.0068 0.0215 0.0524 0.0066 0.0036 0.0181 0.0269 0.0203 0.0021 0.0058 0.0092 
0.0289 0.0138 0.0178 0.0740 0.0014 0.0395 0.6733 0.0166 0.0067 0.0055 0.0109 0.0387 0.0032 0.0024 0.0128 0.0227 0.0161 0.0011 0.0037 0.0108 
0.0405 0.0117 0.0185 0.0179 0.0030 0.0073 0.0161 0.7881 0.0037 0.0043 0.0077 0.0107 0.0026 0.0032 0.0076 0.0343 0.0098 0.0021 0.0025 0.0085 
0.0148 0.0371 0.0402 0.0198 0.0038 0.0452 0.0194 0.0111 0.6450 0.0072 0.0187 0.0206 0.0051 0.0106 0.0149 0.0238 0.0162 0.0018 0.0366 0.0079 
0.0164 0.0049 0.0072 0.0033 0.0027 0.0045 0.0058 0.0045 0.0026 0.6366 0.0891 0.0073 0.0220 0.0164 0.0049 0.0098 0.0237 0.0015 0.0056 0.1311 
0.0155 0.0077 0.0044 0.0042 0.0036 0.0090 0.0071 0.0051 0.0042 0.0541 0.7409 0.0069 0.0257 0.0288 0.0087 0.0118 0.0114 0.0034 0.0078 0.0397 
0.0206 0.0713 0.0299 0.0156 0.0013 0.0362 0.0415 0.0117 0.0077 0.0074 0.0116 0.6602 0.0060 0.0035 0.0120 0.0242 0.0228 0.0015 0.0048 0.0101 
0.0243 0.0111 0.0081 0.0051 0.0033 0.0123 0.0094 0.0078 0.0052 0.0579 0.1132 0.0162 0.6071 0.0170 0.0055 0.0148 0.0279 0.0033 0.0068 0.0438 
0.0105 0.0046 0.0048 0.0026 0.0044 0.0035 0.0038 0.0051 0.0056 0.0236 0.0678 0.0050 0.0088 0.7446 0.0040 0.0133 0.0081 0.0073 0.0519 0.0207 
0.0341 0.0120 0.0077 0.0111 0.0015 0.0155 0.0173 0.0105 0.0068 0.0063 0.0172 0.0151 0.0025 0.0035 0.7678 0.0385 0.0193 0.0011 0.0033 0.0087 
0.0687 0.0161 0.0389 0.0203 0.0081 0.0155 0.0203 0.0319 0.0074 0.0083 0.0160 0.0203 0.0045 0.0077 0.0263 0.6031 0.0660 0.0016 0.0056 0.0134 
0.0593 0.0126 0.0271 0.0149 0.0045 0.0146 0.0180 0.0113 0.0062 0.0243 0.0197 0.0240 0.0109 0.0058 0.0163 0.0822 0.6075 0.0012 0.0052 0.0344 
0.0084 0.0129 0.0025 0.0031 0.0042 0.0065 0.0054 0.0110 0.0030 0.0073 0.0263 0.0070 0.0055 0.0239 0.0042 0.0091 0.0054 0.8217 0.0247 0.0079 
0.0087 0.0085 0.0092 0.0075 0.0054 0.0072 0.0074 0.0049 0.0249 0.0105 0.0237 0.0087 0.0045 0.0664 0.0048 0.0124 0.0091 0.0097 0.7541 0.0124 
0.0505 0.0073 0.0053 0.0053 0.0053 0.0056 0.0103 0.0083 0.0026 0.1146 0.0582 0.0090 0.0146 0.0128 0.0062 0.0143 0.0293 0.0015 0.0060 0.6331 
#
# VT40  background frequences
0.0771 0.0501 0.0462 0.0538 0.0145 0.0409 0.0634 0.0656 0.0219 0.0592 0.0976 0.0592 0.0221 0.0414 0.0477 0.0707 0.0568 0.0127 0.0324 0.0669 
