#
#  VTML160 
#
# This matrix was produced by scripts written by
# Kai Kneutgen and Tobias Mueller [Mai-2002]
#    ...and modified by Elena Rivas [March-2015]
#
# VTML160  transition matrix
#
# Expected Score = -0.993 Half-Bits
# Lowest Score   = -5.222
# Highest Score  = 10.547
# Entropy H      = 0.610 Bits
# %ID            = 28.835 
# %SUBS          = 71.165 
# For further information on the VTML substitution model, see 
#
#    Estimating Amino Acid Substitution Models:
#    A Comparison of Dayhoff's Estimator, the Resolvent Approach and a Maximum Likelihood Method.
#    T. Mueller, R. Spang and M. Vingron
#    Mol Biol Evol 19(1): 8-13. 2002. 
#
#
#    elenarivas@fas.harvard.edu
#
0.2425 0.0324 0.0332 0.0378 0.0206 0.0287 0.0507 0.0739 0.0144 0.0423 0.0525 0.0429 0.0165 0.0189 0.0417 0.0895 0.0677 0.0040 0.0149 0.0749 
0.0479 0.3059 0.0388 0.0247 0.0075 0.0557 0.0426 0.0376 0.0287 0.0231 0.0393 0.1545 0.0136 0.0132 0.0287 0.0473 0.0396 0.0053 0.0170 0.0289 
0.0587 0.0464 0.2172 0.0997 0.0084 0.0395 0.0656 0.0655 0.0307 0.0209 0.0305 0.0666 0.0109 0.0136 0.0257 0.0861 0.0612 0.0037 0.0208 0.0282 
0.0557 0.0246 0.0829 0.3009 0.0045 0.0405 0.1374 0.0565 0.0222 0.0141 0.0195 0.0552 0.0077 0.0068 0.0318 0.0597 0.0441 0.0026 0.0093 0.0240 
0.0993 0.0245 0.0228 0.0146 0.3530 0.0128 0.0188 0.0388 0.0137 0.0522 0.0369 0.0202 0.0194 0.0150 0.0194 0.0738 0.0507 0.0026 0.0288 0.0826 
0.0607 0.0796 0.0471 0.0581 0.0056 0.1621 0.1130 0.0385 0.0356 0.0255 0.0499 0.0933 0.0170 0.0163 0.0369 0.0595 0.0485 0.0028 0.0135 0.0366 
0.0624 0.0355 0.0456 0.1148 0.0048 0.0659 0.2663 0.0466 0.0199 0.0199 0.0330 0.0820 0.0101 0.0098 0.0325 0.0575 0.0443 0.0022 0.0150 0.0319 
0.0799 0.0275 0.0400 0.0415 0.0087 0.0197 0.0410 0.4978 0.0127 0.0116 0.0202 0.0337 0.0067 0.0094 0.0223 0.0606 0.0317 0.0039 0.0091 0.0222 
0.0469 0.0634 0.0566 0.0491 0.0092 0.0549 0.0526 0.0381 0.2233 0.0240 0.0465 0.0565 0.0099 0.0387 0.0282 0.0549 0.0423 0.0094 0.0640 0.0314 
0.0541 0.0200 0.0151 0.0122 0.0139 0.0155 0.0208 0.0138 0.0094 0.2419 0.1717 0.0235 0.0412 0.0411 0.0152 0.0279 0.0461 0.0078 0.0191 0.1897 
0.0450 0.0228 0.0148 0.0113 0.0066 0.0203 0.0230 0.0160 0.0122 0.1149 0.3558 0.0260 0.0536 0.0599 0.0204 0.0275 0.0334 0.0095 0.0259 0.1013 
0.0554 0.1352 0.0486 0.0484 0.0054 0.0571 0.0861 0.0402 0.0224 0.0237 0.0392 0.2259 0.0144 0.0110 0.0329 0.0543 0.0486 0.0043 0.0145 0.0323 
0.0549 0.0307 0.0206 0.0174 0.0134 0.0269 0.0274 0.0207 0.0101 0.1070 0.2084 0.0371 0.1511 0.0575 0.0169 0.0329 0.0470 0.0051 0.0188 0.0963 
0.0352 0.0167 0.0143 0.0086 0.0058 0.0143 0.0148 0.0161 0.0221 0.0598 0.1301 0.0158 0.0321 0.3394 0.0151 0.0310 0.0266 0.0248 0.1218 0.0555 
0.0711 0.0331 0.0247 0.0367 0.0069 0.0298 0.0449 0.0351 0.0147 0.0202 0.0405 0.0434 0.0087 0.0138 0.4283 0.0618 0.0411 0.0041 0.0077 0.0333 
0.1087 0.0389 0.0591 0.0492 0.0186 0.0342 0.0567 0.0681 0.0205 0.0264 0.0389 0.0510 0.0120 0.0203 0.0441 0.1927 0.0955 0.0050 0.0199 0.0402 
0.0923 0.0365 0.0471 0.0408 0.0143 0.0313 0.0490 0.0399 0.0177 0.0490 0.0531 0.0513 0.0192 0.0194 0.0328 0.1071 0.2132 0.0029 0.0161 0.0670 
0.0228 0.0207 0.0119 0.0104 0.0031 0.0076 0.0104 0.0208 0.0167 0.0352 0.0639 0.0193 0.0089 0.0769 0.0138 0.0238 0.0124 0.5195 0.0797 0.0222 
0.0341 0.0263 0.0269 0.0144 0.0137 0.0146 0.0279 0.0193 0.0450 0.0342 0.0690 0.0258 0.0129 0.1497 0.0104 0.0375 0.0270 0.0315 0.3432 0.0366 
0.0817 0.0214 0.0174 0.0178 0.0187 0.0189 0.0282 0.0223 0.0105 0.1614 0.1289 0.0273 0.0315 0.0325 0.0213 0.0361 0.0536 0.0042 0.0174 0.2488 
#
# VTML160  background frequences
0.0777 0.0526 0.0439 0.0527 0.0161 0.0368 0.0631 0.0718 0.0238 0.0606 0.0906 0.0601 0.0233 0.0417 0.0456 0.0639 0.0570 0.0134 0.0339 0.0712 
