#
#  VTML120 
#
# This matrix was produced by scripts written by
# Kai Kneutgen and Tobias Mueller [Mai-2002]
#    ...and modified by Elena Rivas [March-2015]
#
# VTML120  transition matrix
#
# Expected Score = -1.469 Half-Bits
# Lowest Score   = -6.603
# Highest Score  = 11.014
# Entropy H      = 0.906 Bits
# %ID            = 37.396 
# %SUBS          = 62.604 
# For further information on the VTML substitution model, see 
#
#    Estimating Amino Acid Substitution Models:
#    A Comparison of Dayhoff's Estimator, the Resolvent Approach and a Maximum Likelihood Method.
#    T. Mueller, R. Spang and M. Vingron
#    Mol Biol Evol 19(1): 8-13. 2002. 
#
#
#    elenarivas@fas.harvard.edu
#
0.3277 0.0265 0.0276 0.0316 0.0191 0.0251 0.0443 0.0664 0.0117 0.0346 0.0429 0.0365 0.0143 0.0151 0.0370 0.0892 0.0637 0.0030 0.0117 0.0718 
0.0392 0.3969 0.0333 0.0170 0.0061 0.0534 0.0317 0.0301 0.0265 0.0179 0.0313 0.1588 0.0116 0.0097 0.0234 0.0399 0.0327 0.0043 0.0139 0.0222 
0.0489 0.0399 0.3053 0.0983 0.0066 0.0358 0.0558 0.0570 0.0294 0.0160 0.0230 0.0614 0.0091 0.0101 0.0200 0.0846 0.0566 0.0027 0.0181 0.0213 
0.0466 0.0169 0.0818 0.3925 0.0029 0.0352 0.1359 0.0472 0.0195 0.0096 0.0127 0.0469 0.0058 0.0042 0.0263 0.0519 0.0371 0.0020 0.0064 0.0182 
0.0920 0.0199 0.0181 0.0096 0.4558 0.0088 0.0125 0.0310 0.0114 0.0444 0.0254 0.0138 0.0174 0.0103 0.0147 0.0687 0.0435 0.0017 0.0258 0.0754 
0.0529 0.0763 0.0428 0.0505 0.0039 0.2405 0.1150 0.0302 0.0357 0.0193 0.0428 0.0910 0.0159 0.0130 0.0321 0.0538 0.0427 0.0018 0.0097 0.0302 
0.0546 0.0264 0.0388 0.1136 0.0032 0.0670 0.3528 0.0380 0.0168 0.0148 0.0258 0.0788 0.0079 0.0065 0.0270 0.0505 0.0376 0.0014 0.0126 0.0259 
0.0718 0.0220 0.0348 0.0347 0.0070 0.0155 0.0334 0.5880 0.0102 0.0075 0.0145 0.0269 0.0050 0.0069 0.0174 0.0536 0.0247 0.0031 0.0067 0.0165 
0.0382 0.0585 0.0541 0.0432 0.0077 0.0551 0.0444 0.0307 0.3189 0.0182 0.0383 0.0487 0.0071 0.0336 0.0234 0.0486 0.0363 0.0078 0.0626 0.0247 
0.0443 0.0155 0.0116 0.0083 0.0118 0.0117 0.0153 0.0088 0.0072 0.3152 0.1633 0.0182 0.0395 0.0351 0.0110 0.0209 0.0408 0.0065 0.0149 0.2000 
0.0368 0.0182 0.0111 0.0074 0.0045 0.0174 0.0180 0.0115 0.0101 0.1093 0.4415 0.0208 0.0541 0.0544 0.0167 0.0215 0.0269 0.0078 0.0211 0.0909 
0.0472 0.1389 0.0448 0.0411 0.0037 0.0556 0.0827 0.0322 0.0193 0.0183 0.0314 0.3055 0.0128 0.0074 0.0278 0.0472 0.0433 0.0034 0.0116 0.0258 
0.0478 0.0261 0.0171 0.0132 0.0120 0.0251 0.0215 0.0155 0.0072 0.1026 0.2102 0.0329 0.2302 0.0537 0.0125 0.0260 0.0430 0.0035 0.0135 0.0864 
0.0280 0.0123 0.0106 0.0053 0.0040 0.0114 0.0099 0.0118 0.0192 0.0510 0.1183 0.0106 0.0300 0.4333 0.0118 0.0260 0.0210 0.0215 0.1183 0.0457 
0.0630 0.0270 0.0193 0.0305 0.0052 0.0259 0.0373 0.0274 0.0123 0.0147 0.0331 0.0366 0.0064 0.0108 0.5259 0.0554 0.0343 0.0032 0.0051 0.0267 
0.1083 0.0328 0.0580 0.0428 0.0173 0.0309 0.0498 0.0601 0.0181 0.0198 0.0305 0.0444 0.0095 0.0170 0.0395 0.2690 0.0990 0.0041 0.0171 0.0318 
0.0868 0.0302 0.0435 0.0343 0.0123 0.0275 0.0416 0.0311 0.0152 0.0434 0.0428 0.0456 0.0176 0.0154 0.0274 0.1110 0.2979 0.0019 0.0128 0.0616 
0.0174 0.0167 0.0089 0.0078 0.0020 0.0050 0.0067 0.0165 0.0138 0.0294 0.0528 0.0153 0.0061 0.0668 0.0109 0.0194 0.0082 0.6107 0.0707 0.0151 
0.0269 0.0216 0.0234 0.0099 0.0122 0.0105 0.0234 0.0142 0.0439 0.0266 0.0564 0.0205 0.0092 0.1454 0.0068 0.0321 0.0215 0.0280 0.4388 0.0287 
0.0783 0.0164 0.0131 0.0135 0.0171 0.0156 0.0229 0.0167 0.0083 0.1702 0.1156 0.0218 0.0283 0.0267 0.0171 0.0286 0.0493 0.0028 0.0137 0.3240 
#
# VTML120  background frequences
0.0777 0.0526 0.0439 0.0527 0.0161 0.0368 0.0631 0.0718 0.0238 0.0606 0.0906 0.0601 0.0233 0.0417 0.0456 0.0639 0.0570 0.0134 0.0339 0.0712 
