#
#  VTML80 
#
# This matrix was produced by scripts written by
# Kai Kneutgen and Tobias Mueller [Mai-2002]
#    ...and modified by Elena Rivas [March-2015]
#
# VTML80  transition matrix
#
# Expected Score = -2.281 Half-Bits
# Lowest Score   = -8.686
# Highest Score  = 11.484
# Entropy H      = 1.394 Bits
# %ID            = 50.146 
# %SUBS          = 49.854 
# For further information on the VTML substitution model, see 
#
#    Estimating Amino Acid Substitution Models:
#    A Comparison of Dayhoff's Estimator, the Resolvent Approach and a Maximum Likelihood Method.
#    T. Mueller, R. Spang and M. Vingron
#    Mol Biol Evol 19(1): 8-13. 2002. 
#
#
#    elenarivas@fas.harvard.edu
#
0.4606 0.0193 0.0202 0.0236 0.0159 0.0197 0.0350 0.0538 0.0084 0.0243 0.0311 0.0278 0.0113 0.0106 0.0295 0.0814 0.0541 0.0020 0.0082 0.0633 
0.0285 0.5271 0.0255 0.0093 0.0045 0.0464 0.0189 0.0214 0.0221 0.0123 0.0222 0.1480 0.0088 0.0062 0.0169 0.0300 0.0239 0.0031 0.0102 0.0149 
0.0357 0.0305 0.4428 0.0880 0.0046 0.0295 0.0415 0.0445 0.0255 0.0109 0.0152 0.0515 0.0068 0.0063 0.0135 0.0761 0.0472 0.0018 0.0143 0.0139 
0.0347 0.0092 0.0732 0.5243 0.0015 0.0271 0.1217 0.0351 0.0154 0.0054 0.0066 0.0352 0.0039 0.0021 0.0195 0.0402 0.0277 0.0013 0.0035 0.0122 
0.0767 0.0145 0.0126 0.0050 0.5905 0.0048 0.0066 0.0218 0.0085 0.0334 0.0139 0.0076 0.0142 0.0056 0.0096 0.0579 0.0330 0.0008 0.0208 0.0621 
0.0415 0.0663 0.0352 0.0388 0.0021 0.3741 0.1071 0.0207 0.0328 0.0124 0.0334 0.0806 0.0138 0.0093 0.0250 0.0441 0.0338 0.0010 0.0056 0.0223 
0.0430 0.0157 0.0288 0.1017 0.0017 0.0624 0.4839 0.0275 0.0124 0.0094 0.0180 0.0691 0.0054 0.0035 0.0199 0.0398 0.0284 0.0007 0.0096 0.0188 
0.0581 0.0157 0.0272 0.0258 0.0049 0.0106 0.0242 0.6983 0.0073 0.0038 0.0090 0.0191 0.0033 0.0044 0.0119 0.0426 0.0166 0.0022 0.0043 0.0107 
0.0274 0.0487 0.0470 0.0341 0.0057 0.0507 0.0329 0.0219 0.4620 0.0120 0.0284 0.0371 0.0041 0.0259 0.0174 0.0388 0.0278 0.0057 0.0551 0.0172 
0.0311 0.0106 0.0079 0.0047 0.0089 0.0075 0.0098 0.0045 0.0047 0.4351 0.1405 0.0123 0.0344 0.0267 0.0068 0.0133 0.0326 0.0049 0.0102 0.1934 
0.0266 0.0129 0.0074 0.0039 0.0025 0.0135 0.0126 0.0072 0.0075 0.0940 0.5634 0.0148 0.0497 0.0445 0.0122 0.0150 0.0191 0.0058 0.0152 0.0725 
0.0359 0.1294 0.0376 0.0309 0.0020 0.0493 0.0725 0.0228 0.0147 0.0124 0.0223 0.4341 0.0104 0.0040 0.0210 0.0368 0.0349 0.0024 0.0082 0.0183 
0.0377 0.0200 0.0128 0.0089 0.0098 0.0218 0.0147 0.0102 0.0042 0.0893 0.1930 0.0267 0.3652 0.0455 0.0078 0.0177 0.0362 0.0019 0.0077 0.0690 
0.0198 0.0078 0.0066 0.0026 0.0021 0.0082 0.0052 0.0077 0.0148 0.0388 0.0966 0.0057 0.0254 0.5631 0.0082 0.0198 0.0146 0.0166 0.1030 0.0331 
0.0502 0.0195 0.0130 0.0225 0.0034 0.0202 0.0275 0.0188 0.0091 0.0090 0.0243 0.0277 0.0040 0.0075 0.6490 0.0449 0.0254 0.0023 0.0026 0.0191 
0.0989 0.0247 0.0522 0.0332 0.0146 0.0254 0.0393 0.0478 0.0145 0.0126 0.0212 0.0346 0.0064 0.0129 0.0320 0.3978 0.0941 0.0030 0.0132 0.0216 
0.0736 0.0220 0.0363 0.0256 0.0093 0.0218 0.0314 0.0210 0.0116 0.0347 0.0303 0.0368 0.0148 0.0107 0.0203 0.1055 0.4327 0.0010 0.0090 0.0516 
0.0117 0.0121 0.0057 0.0052 0.0010 0.0026 0.0034 0.0117 0.0102 0.0222 0.0389 0.0109 0.0034 0.0517 0.0076 0.0143 0.0043 0.7189 0.0559 0.0082 
0.0187 0.0158 0.0185 0.0054 0.0099 0.0060 0.0179 0.0090 0.0387 0.0181 0.0406 0.0146 0.0053 0.1267 0.0036 0.0248 0.0151 0.0221 0.5693 0.0199 
0.0690 0.0110 0.0085 0.0090 0.0141 0.0115 0.0167 0.0108 0.0058 0.1646 0.0923 0.0155 0.0226 0.0194 0.0123 0.0194 0.0413 0.0016 0.0095 0.4454 
#
# VTML80  background frequences
0.0777 0.0526 0.0439 0.0527 0.0161 0.0368 0.0631 0.0718 0.0238 0.0606 0.0906 0.0601 0.0233 0.0417 0.0456 0.0639 0.0570 0.0134 0.0339 0.0712 
