#
#  VTML140 
#
# This matrix was produced by scripts written by
# Kai Kneutgen and Tobias Mueller [Mai-2002]
#    ...and modified by Elena Rivas [March-2015]
#
# VTML140  transition matrix
#
# Expected Score = -1.203 Half-Bits
# Lowest Score   = -5.851
# Highest Score  = 10.780
# Entropy H      = 0.741 Bits
# %ID            = 32.704 
# %SUBS          = 67.296 
# For further information on the VTML substitution model, see 
#
#    Estimating Amino Acid Substitution Models:
#    A Comparison of Dayhoff's Estimator, the Resolvent Approach and a Maximum Likelihood Method.
#    T. Mueller, R. Spang and M. Vingron
#    Mol Biol Evol 19(1): 8-13. 2002. 
#
#
#    elenarivas@fas.harvard.edu
#
0.2804 0.0296 0.0306 0.0350 0.0200 0.0271 0.0478 0.0706 0.0131 0.0387 0.0480 0.0400 0.0155 0.0171 0.0397 0.0899 0.0662 0.0035 0.0134 0.0738 
0.0438 0.3474 0.0363 0.0209 0.0068 0.0550 0.0374 0.0340 0.0278 0.0205 0.0354 0.1579 0.0127 0.0115 0.0262 0.0439 0.0364 0.0048 0.0155 0.0256 
0.0542 0.0435 0.2564 0.0998 0.0075 0.0379 0.0612 0.0616 0.0303 0.0185 0.0268 0.0644 0.0101 0.0119 0.0230 0.0859 0.0593 0.0032 0.0196 0.0248 
0.0515 0.0208 0.0830 0.3427 0.0037 0.0382 0.1378 0.0522 0.0210 0.0118 0.0161 0.0514 0.0068 0.0055 0.0292 0.0562 0.0409 0.0023 0.0078 0.0212 
0.0964 0.0223 0.0205 0.0121 0.4010 0.0108 0.0157 0.0351 0.0126 0.0486 0.0312 0.0170 0.0185 0.0127 0.0171 0.0718 0.0475 0.0021 0.0275 0.0795 
0.0572 0.0786 0.0452 0.0548 0.0048 0.1961 0.1148 0.0345 0.0359 0.0225 0.0466 0.0928 0.0166 0.0147 0.0347 0.0570 0.0459 0.0023 0.0116 0.0336 
0.0589 0.0312 0.0425 0.1152 0.0040 0.0669 0.3052 0.0426 0.0185 0.0174 0.0295 0.0810 0.0091 0.0081 0.0299 0.0544 0.0412 0.0018 0.0138 0.0290 
0.0764 0.0249 0.0377 0.0383 0.0079 0.0177 0.0374 0.5406 0.0115 0.0095 0.0173 0.0304 0.0059 0.0081 0.0199 0.0575 0.0284 0.0035 0.0079 0.0194 
0.0428 0.0614 0.0558 0.0465 0.0085 0.0554 0.0489 0.0346 0.2663 0.0212 0.0426 0.0530 0.0085 0.0364 0.0260 0.0521 0.0396 0.0087 0.0638 0.0282 
0.0496 0.0178 0.0134 0.0103 0.0129 0.0136 0.0181 0.0113 0.0083 0.2743 0.1689 0.0209 0.0406 0.0384 0.0132 0.0245 0.0438 0.0072 0.0171 0.1960 
0.0411 0.0206 0.0130 0.0094 0.0056 0.0189 0.0205 0.0137 0.0112 0.1130 0.3950 0.0235 0.0543 0.0576 0.0186 0.0246 0.0303 0.0087 0.0236 0.0969 
0.0516 0.1381 0.0470 0.0451 0.0046 0.0568 0.0850 0.0364 0.0210 0.0211 0.0354 0.2611 0.0136 0.0092 0.0305 0.0511 0.0462 0.0039 0.0131 0.0292 
0.0517 0.0286 0.0189 0.0153 0.0128 0.0261 0.0245 0.0181 0.0087 0.1056 0.2109 0.0352 0.1854 0.0560 0.0147 0.0296 0.0453 0.0043 0.0162 0.0921 
0.0318 0.0145 0.0125 0.0069 0.0049 0.0129 0.0123 0.0140 0.0208 0.0558 0.1252 0.0132 0.0313 0.3827 0.0135 0.0287 0.0239 0.0233 0.1211 0.0509 
0.0675 0.0302 0.0221 0.0338 0.0060 0.0280 0.0414 0.0313 0.0136 0.0175 0.0370 0.0403 0.0075 0.0123 0.4743 0.0590 0.0379 0.0036 0.0064 0.0301 
0.1092 0.0361 0.0589 0.0464 0.0181 0.0328 0.0536 0.0646 0.0194 0.0232 0.0348 0.0480 0.0108 0.0187 0.0421 0.2260 0.0978 0.0045 0.0186 0.0363 
0.0902 0.0335 0.0456 0.0378 0.0134 0.0296 0.0456 0.0357 0.0165 0.0465 0.0482 0.0487 0.0185 0.0175 0.0303 0.1097 0.2507 0.0024 0.0145 0.0647 
0.0201 0.0188 0.0104 0.0091 0.0025 0.0063 0.0085 0.0187 0.0154 0.0324 0.0586 0.0174 0.0075 0.0724 0.0124 0.0217 0.0103 0.5632 0.0758 0.0186 
0.0306 0.0241 0.0253 0.0122 0.0130 0.0126 0.0257 0.0167 0.0448 0.0305 0.0631 0.0232 0.0111 0.1489 0.0086 0.0350 0.0244 0.0300 0.3873 0.0328 
0.0805 0.0189 0.0153 0.0157 0.0180 0.0173 0.0257 0.0195 0.0094 0.1668 0.1233 0.0246 0.0302 0.0298 0.0193 0.0325 0.0518 0.0035 0.0156 0.2821 
#
# VTML140  background frequences
0.0777 0.0526 0.0439 0.0527 0.0161 0.0368 0.0631 0.0718 0.0238 0.0606 0.0906 0.0601 0.0233 0.0417 0.0456 0.0639 0.0570 0.0134 0.0339 0.0712 
