            1        2        3        4        5        6        7        8        9       10       11       12       13       14       15       16       17       18       19       20 
    1  -1.4498   0.0378   0.0270   0.0815   0.0310   0.1491   0.0162   0.0464   0.0673   0.1254   0.0274   0.0059   0.0625   0.0495   0.0802   0.3067   0.1163   0.1932   0.0047   0.0216 
    2   0.2411  -1.1504   0.0366   0.0006   0.0398   0.0346   0.0145   0.0949   0.0292   0.1508   0.0465   0.0212   0.0270   0.0200   0.0315   0.1235   0.0931   0.1010   0.0127   0.0317 
    3   0.0391   0.0083  -1.1361   0.3398   0.0220   0.0796   0.0236   0.0387   0.0497   0.0100   0.0071   0.1351   0.0562   0.0679   0.0201   0.1407   0.0642   0.0213   0.0027   0.0099 
    4   0.0892   0.0001   0.2570  -1.3771   0.0160   0.0336   0.0435   0.0140   0.1855   0.0276   0.0088   0.0627   0.0488   0.2403   0.0880   0.1262   0.0532   0.0592   0.0048   0.0185 
    5   0.0705   0.0142   0.0345   0.0332  -1.2893   0.0424   0.0293   0.1680   0.0266   0.2253   0.0758   0.0189   0.0115   0.0083   0.0274   0.0712   0.0481   0.0586   0.0378   0.2878 
    6   0.1714   0.0062   0.0632   0.0353   0.0215  -0.7962   0.0161   0.0073   0.0366   0.0170   0.0108   0.0846   0.0342   0.0253   0.0399   0.1425   0.0290   0.0321   0.0100   0.0131 
    7   0.0581   0.0081   0.0584   0.1423   0.0462   0.0502  -1.2436   0.0285   0.0571   0.0339   0.0213   0.1577   0.0381   0.0914   0.1296   0.0851   0.0325   0.0217   0.0070   0.1766 
    8   0.0638   0.0204   0.0367   0.0175   0.1019   0.0086   0.0108  -2.1010   0.0021   0.6320   0.0729   0.0216   0.0160   0.0000   0.0269   0.0692   0.0423   0.9245   0.0027   0.0314 
    9   0.0865   0.0059   0.0442   0.2179   0.0151   0.0409   0.0205   0.0021  -1.4321   0.0743   0.0363   0.0789   0.0574   0.1366   0.3168   0.1536   0.0560   0.0623   0.0050   0.0220 
   10   0.1048   0.0198   0.0058   0.0211   0.0829   0.0124   0.0079   0.3828   0.0483  -1.2963   0.1859   0.0162   0.0195   0.0306   0.0467   0.0408   0.0711   0.1576   0.0084   0.0339 
   11   0.0952   0.0253   0.0171   0.0278   0.1160   0.0326   0.0207   0.1839   0.0980   0.7729  -2.3406   0.0351   0.0469   0.1783   0.1019   0.1371   0.0647   0.3325   0.0206   0.0339 
   12   0.0111   0.0062   0.1745   0.1071   0.0156   0.1376   0.0824   0.0295   0.1148   0.0362   0.0189  -1.3999   0.0278   0.0819   0.1193   0.2748   0.1214   0.0182   0.0015   0.0213 
   13   0.1038   0.0070   0.0645   0.0740   0.0084   0.0494   0.0177   0.0194   0.0742   0.0388   0.0224   0.0247  -0.8222   0.0520   0.0356   0.0834   0.0704   0.0590   0.0032   0.0143 
   14   0.0981   0.0060   0.0929   0.4359   0.0070   0.0434   0.0504   0.0000   0.2108   0.0724   0.1017   0.0868   0.0619  -1.8386   0.2214   0.1666   0.0622   0.0589   0.0106   0.0521 
   15   0.1232   0.0076   0.0214   0.1235   0.0185   0.0533   0.0556   0.0302   0.3784   0.0859   0.0450   0.0979   0.0329   0.1713  -1.4225   0.0642   0.0807   0.0034   0.0057   0.0238 
   16   0.3400   0.0215   0.1078   0.1278   0.0347   0.1373   0.0263   0.0557   0.1324   0.0542   0.0438   0.1630   0.0557   0.0931   0.0464  -1.6934   0.2254   0.0041   0.0042   0.0202 
   17   0.1689   0.0212   0.0644   0.0706   0.0308   0.0367   0.0132   0.0447   0.0633   0.1237   0.0271   0.0943   0.0615   0.0456   0.0763   0.2952  -1.4599   0.1909   0.0106   0.0209 
   18   0.2283   0.0187   0.0174   0.0640   0.0305   0.0330   0.0072   0.7924   0.0573   0.2230   0.1132   0.0115   0.0419   0.0352   0.0026   0.0043   0.1554  -1.8831   0.0038   0.0434 
   19   0.0373   0.0159   0.0146   0.0349   0.1321   0.0693   0.0155   0.0166   0.0306   0.0799   0.0472   0.0063   0.0153   0.0431   0.0296   0.0298   0.0579   0.0258  -0.8562   0.1547 
   20   0.0591   0.0136   0.0188   0.0464   0.3472   0.0313   0.1351   0.0627   0.0470   0.1111   0.0267   0.0312   0.0235   0.0722   0.0425   0.0498   0.0394   0.1006   0.0534  -1.3116 
